335544
335544
335544
335544
335544
335544
335544
335544
335544
335544
335544
335544
335544
335544
335544
335544
335544
335544
335544
335544
335544
335544
335544
335544
335544
671082
671089
671089
671089
671089
671089
671089
671089
671089
671089
671089
671089
1006623
1342177
1342177
1342177
1342177
1342177
1677700
2684354
2684354
3019855
5368709
8388520
133420986
2014063014
8388696
5368709
3019943
2684354
2684354
1677744
1342177
1342177
1342177
1342177
1342177
1006645
671089
671089
671089
671089
671089
671089
671089
671089
671089
671089
671089
671089
335548
335544
335544
335544
335544
335544
335544
335544
335544
335544
335544
335544
335544
335544
335544
335544
335544
335544
335544
335544
335544
335544
335544
335544
335544
